10004
1
10004
9
10004
9
10004
9
10004
9
10004
9
10004
9
10004
9
10004
9
10004
9
10004
9
10004
9
10004
9
10004
9
10004
9
10004
9
10004
9
10004
c
10004
c
10004
c
10004
c
10004
c
10004
c
10004
c
10004
c
10004
c
10004
c
10004
c
10004
c
10004
c
10004
c
10004
c
10004
4
10004
c
10004
c
10004
c
10004
c
10004
9
10004
9
10004
9
10004
9
10004
9
10004
9
10004
9
10004
9
10004
9
10004
9
10004
9
10004
9
10004
9
10004
9
10004
c
10004
c
10004
c
10004
c
10004
c
10004
c
10004
c
10004
c
10004
c
10004
c
10004
c
10004
c
10004
c
10004
4
10004
c
10004
c
10004
c
10004
c
10004
c
10004
c
10004
9
10004
9
10004
9
10004
9
10004
9
10004
9
10004
9
10004
9
10004
9
10004
9
10004
9
10004
9
10004
9
10004
c
10004
c
10004
c
10004
c
10004
c
terminate called without an active exception
